   1 17     Bi-2536_diff_17_bi    passt nicht                        
  19.3300    .5000   1.2377    .0371   3.3460    .1004
   3.4805    .0000  85.7484   2.5000      .00      .00      .00
      .00     5.00      .00     5.00  300000.
   2 29   xx-29                                                 
  19.3300    .5000   2.4843    .0745   3.3150    .0994
   3.9876    .0000  85.6138   2.5000      .00      .00      .00
      .00     5.00      .00     5.00  300000.
   3 30     passt schlecht auf orh, nicht auf mcl?                      
  19.3300    .5000   2.1337    .0640   3.9400    .1182
   3.9684    .0000  75.0842   2.5000      .00      .00      .00
      .00     5.00      .00     5.00  300000.
   4 32    q32                                                 
  19.3300    .5000   2.1314    .0639   4.2100    .1263
   4.4912    .0000  83.2915   2.5000      .00      .00      .00
      .00     5.00      .00     5.00  300000.
   5 35   schoen, passt nicht                                 
  19.3300    .5000   1.2360    .0371   3.2575    .0977
   3.4841    .0000  90.0000   2.5000      .00      .00      .00
      .00     5.00      .00     5.00  300000.
   6 37   q37 neue Messung                                      
  19.3300    .5000   1.2275    .0368   3.7853    .1136
   3.8375    .0000  83.1453   5.0000      .00      .00      .00
     25.00     5.00    15.44     5.00  300000.
   7 51   xx-51  mkl!!!  [1 2 -1](2.86) oder [1 1 -1](3.51)      
  19.3300    .9665   1.4425    .0433   3.4500    .1035
   3.5865    .0000  83.5361   2.5000      .00      .00      .00
      .00     5.00      .00     5.00  300000.
   8 5554, CH
  42.1000   2.1050   7.7500    .1500  17.0500    .3000
  18.7287    .0000  90.0000   1.5000   -23.10     6.00     1.00
      .00     4.00      .00     4.00  200000.
   9 9379, CH
  40.2000   2.0100   9.4000    .1000  11.9750    .1000
  11.9750    .0000  66.8908   1.5000    30.50    -3.20     1.00
      .00     4.00      .00     4.00  200000.
  10 5460, CH
  42.1000   2.1050  12.5167    .1500  12.5167    .3000
  17.2233    .0000  86.9459   1.5000     9.00    13.50     1.00
      .00     4.00      .00     4.00  200000.
  11  wand 3998
  11.2854    .5643   1.4650    .0439   2.2143    .0664
   2.3904    .0716  78.1249   2.5000    -5.00     6.60     1.00
      .00     5.00      .00     5.00  200000.
  12  wand 3999
  11.2854    .5643   1.8600    .0558   2.8571    .0857
   3.4092    .0000  90.0000   2.5000     1.00   -20.10     1.00
      .00     5.00    23.00     5.00  200000.
  13  wand 4000
  11.2854    .5643   1.4350    .0430   1.4350    .0430
   1.8646    .0564  81.0337   2.5000    30.00   -14.70     1.00
      .00     5.00      .00     5.00  200000.
  14 2016,  Silicid                                                
  11.6300    .5815   1.9100    .0573   8.1333    .2440
   8.1333    .2440  83.2569   2.5
     8.00     4.00    18.00     4.00  300000.
  15 2015, Silicid                                                      
  11.6300    .5820   3.3188    .0996   4.6100    .1383
   4.6100    .1383  68.9028   2.5
     9.00     4.00    18.00     4.00  300000.
   0 pulver WT 0-1-1; RL 1; OD; ZA;   back: RD                          
 100.0000  50.0000   1.0000  50.0000   1.0000  50.0000
    .0017    .0000    .1000    .2000
      .00      .00      .00      .00  120000.
END$
