   1 ID 90                                               
 160.0000   8.0000   2.8254   0.0848   4.2407   0.1272
   5.0545   0.0000  89.0000   2.5000     0.00     0.00     0.00
     0.00     5.00     0.00     5.00  300000.
   2 ID 112                                             
 160.0000   8.0000   2.8556   0.0857   4.0989   0.1230
   4.9690   0.0000  89.3518   2.5000     0.00     0.00     0.00
     0.00     5.00     0.00     5.00  300000.
   3 ID 130                                             
 160.0000   8.0000   2.0238   0.1012   2.1598   0.1080
   2.8746   0.0000  86.7412   4.0000     0.00     0.00     0.00
     0.00     5.00     0.00     5.00  300000.
   4 ID 250                                             
 160.0000   8.0000   2.8460   0.1423   4.4905   0.2245
   4.6163   0.0000  74.2121   4.0000     0.00     0.00     0.00
     0.00     5.00     0.00     5.00  300000.
   5 ID 253                                             
 160.0000   8.0000   2.8571   0.1429   8.7611   0.4381
   8.8407   0.0000  82.2374   4.0000     0.00     0.00     0.00
     0.00     5.00     0.00     5.00  300000.
   6 ID 312                                             
 160.0000   8.0000   2.0624   0.1031   4.1738   0.2087
   4.5793   0.0000  87.6565   4.0000     0.00     0.00     0.00
     0.00     5.00     0.00     5.00  300000.
   7 ID 379                                             
 160.0000   8.0000   5.0441   0.2522   6.2402   0.3120
   7.3332   0.0000  80.3000   4.0000     0.00     0.00     0.00
     0.00     5.00     0.00     5.00  300000.
   8 ID 437                                             
 160.0000   8.0000   1.9692   0.0985   9.1272   0.4564
   9.3238   0.0000  89.6000   4.0000     0.00     0.00     0.00
     0.00     5.00     0.00     5.00  300000.
   9 ID 648                                             
 160.0000   8.0000   2.7855   0.1393   4.1184   0.2059
   4.9679   0.0000  89.9000   4.0000     0.00     0.00     0.00
     0.00     5.00     0.00     5.00  300000.
  10 ID 693                                             
 160.0000   8.0000   2.8520   0.1426   4.5496   0.2275
   4.5754   0.0000  72.2794   4.0000     0.00     0.00     0.00
     0.00     5.00     0.00     5.00  300000.
  11 ID 753                                             
 160.0000   8.0000   4.1721   0.2086  10.1266   0.5063
  10.9119   0.0000  89.4000   4.0000     0.00     0.00     0.00
     0.00     5.00     0.00     5.00  300000.
END$
